0.00 4783.26 1309.73 2322.03 8281.55 4767.57 4954.08 4336.13 4049.75 4189.46 2204.12 742.09 8428.05 4495.35 2755.11 4017.57 5079.57 9457.30 5361.53 4590.63 5515.97 1794.94 4369.24 1915.23 5705.54 4252.05 5303.45 1726.94 5337.45 3263.13 6638.70 5506.30 8488.03 6489.03 6694.54 1480.64 3233.07 4282.47 7149.98 7444.26 1320.80 2752.86 6236.02 3107.28 1401.98 2501.70 3982.18 5535.83 2545.73 4183.41 7198.63 3175.20 1792.97 2568.75 3127.47 3593.30 6160.24 5316.19 870.93 6017.02 996.86 5157.18 3273.33 7010.26 6732.25 4814.75 2103.20 481.45 3399.37 4475.67 6575.36 4904.01 7320.96 426.26 7380.90 3262.99 5992.99 1951.92 4314.81 2036.30 2923.35 1782.97 512.72 5873.19 7046.62 8053.92 7930.30 4195.30 6028.30 3424.60 7202.23 3617.78 3355.04 3128.45 6754.09 6649.84 403.03 5249.68 2155.04 2570.42 3531.81 3228.04 4845.32 6971.18 5722.18 4456.43 4463.58 3502.52 3804.24 9068.36 7377.05 2726.18 3944.35 6743.07 2863.77 3018.49 5108.47 4842.96 4009.22 4591.03 
4783.26 0.00 5554.03 6669.77 8741.57 4681.75 7589.08 6139.97 8719.74 7654.61 6420.26 4157.63 8766.58 8509.21 7526.56 8664.96 8011.24 9741.50 6676.81 8781.49 9091.96 5954.30 8781.33 3852.26 3277.02 3397.66 9688.33 5037.75 2799.41 2098.99 9974.94 3564.11 8153.63 5431.30 10898.86 5142.14 4160.53 7846.07 4946.35 6405.78 4213.55 4549.45 8419.61 7430.48 5187.90 6113.63 2289.59 4838.21 5283.54 748.79 3726.10 2896.56 6563.20 3364.75 2058.99 8356.59 6504.83 8526.10 4006.12 6575.26 4876.12 4178.89 3455.29 7465.38 6983.53 3798.10 4178.16 5080.17 7557.26 7906.80 10180.15 7549.55 8994.05 5124.49 5561.41 1860.21 8077.65 5209.01 5447.32 3536.90 6070.91 3674.46 5205.03 7839.58 7636.70 8781.40 6895.95 8648.84 8656.55 4740.34 6575.67 4783.78 5098.42 3048.85 10904.32 6233.73 5146.78 7940.59 4563.44 6485.03 5025.36 1565.54 3558.98 2561.99 6113.87 339.90 6794.16 2536.34 8509.75 9152.47 5988.52 3959.28 2905.06 2241.71 6480.12 1828.48 9547.69 2807.45 3518.23 8365.45 
1309.73 5554.03 0.00 2914.56 9529.57 6077.00 5987.68 5555.11 4000.14 5026.24 2928.90 1503.94 9683.85 5038.16 2236.87 4010.48 6027.30 10705.28 6593.90 5009.02 6207.62 2660.17 4623.20 3213.63 6914.47 5520.99 5516.28 2946.56 6518.00 4360.09 7367.58 6749.93 9782.42 7794.72 6979.68 2658.17 2842.49 5070.89 8414.18 8753.54 1371.96 2196.18 7303.86 3582.25 2557.86 1231.43 5143.54 6841.96 1620.13 4868.96 8337.38 4403.65 1784.26 2620.17 4194.98 3333.26 7447.79 6161.40 2080.09 7294.95 677.91 6449.32 3165.69 8277.79 8016.48 6096.19 1822.24 1569.93 3962.79 5300.96 7197.53 5938.20 8443.58 1435.28 8669.50 3805.17 7089.94 3145.52 5597.58 2182.40 1734.82 1967.45 865.17 6996.33 8303.54 9281.24 9240.01 4422.96 7005.35 4724.65 8510.71 4918.77 2591.78 3203.11 7073.74 7957.44 1347.78 6251.87 3449.84 3408.84 4818.69 4084.77 6111.47 7925.31 7014.15 5214.84 5592.96 4690.85 3702.61 10335.36 8680.64 4033.52 5177.21 7665.27 1569.31 3725.56 5282.42 6046.17 5289.85 5256.67 
2322.03 6669.77 2914.56 0.00 7314.27 4856.33 3312.26 3450.25 2168.77 2157.08 305.21 3049.55 7504.71 2184.41 2172.72 2083.96 3227.99 8458.58 4447.08 2271.91 3296.28 721.95 2126.15 2920.97 6586.77 4957.04 3053.21 1750.93 6360.01 4756.93 4453.71 6235.59 7891.83 6570.67 4392.15 1555.88 5504.58 2173.38 7642.99 7339.95 3617.94 4954.27 4635.19 796.44 1492.35 4023.32 5205.43 5679.30 4522.30 6191.24 8248.69 4272.55 1336.86 4890.68 4705.52 2157.49 5597.92 3275.90 2774.62 5371.32 3095.81 5556.58 5593.33 6222.70 6101.36 5354.92 4373.38 1851.80 1085.26 2417.82 4310.37 3266.45 5850.67 1897.60 7659.54 5429.29 4485.34 1688.23 3882.84 4358.06 4595.28 4104.96 2284.76 4454.73 6182.10 6978.80 7750.88 1981.88 4213.29 3364.95 6935.35 3533.31 5462.13 5446.44 4442.44 6379.98 1939.02 3514.42 2437.23 729.53 3278.02 5125.94 5499.37 8480.36 5241.56 6375.04 3162.38 4701.50 2050.71 8203.06 7452.56 3293.52 4897.35 8319.62 4250.32 5085.10 2890.16 5822.00 4658.98 2347.00 
8281.55 8741.57 9529.57 7314.27 0.00 4156.17 4217.63 3986.21 8731.89 5601.59 7093.47 8553.29 235.54 6704.83 9485.86 8601.37 4603.81 1175.99 2941.54 7184.83 5842.15 7099.46 7795.05 6666.72 5760.23 5406.64 8040.41 6583.08 6114.86 7109.39 5537.07 5321.87 1411.87 3527.34 8034.57 6874.76 10896.70 5758.85 4820.47 2929.97 9278.75 10701.88 3202.69 7282.02 6978.88 10758.59 6525.15 3908.65 10766.35 8932.91 6744.07 6342.61 8560.02 9867.14 7288.94 9195.81 2311.06 5062.76 7810.37 2347.86 9260.44 4565.19 10517.92 1336.84 1772.58 4945.27 9979.78 7959.65 6926.42 5510.11 6191.70 4249.09 2195.42 8094.41 4166.89 9143.74 3128.28 6388.11 4010.97 9488.87 11204.88 9341.10 8665.41 3027.78 1245.67 486.64 2739.12 7881.05 3971.60 4959.19 2437.35 4785.88 11398.97 10122.41 7878.21 2572.84 8182.00 4202.43 6154.89 6587.76 4788.46 8152.42 5183.15 8357.04 2756.03 8711.58 4153.53 6484.94 8832.93 931.34 3503.14 5874.51 5947.06 8503.65 11094.61 8628.02 8161.24 5954.94 5376.72 6170.85 
4767.57 4681.75 6077.00 4856.33 4156.17 0.00 3621.30 2074.29 6908.22 4388.01 4556.24 4809.16 4220.61 5596.49 6817.46 6798.23 4162.81 5247.37 2134.64 6037.32 5568.59 4304.40 6382.69 2886.66 2336.33 1284.93 7065.22 3375.94 2439.41 2953.79 6099.52 1841.57 3907.98 1756.05 7816.84 3691.00 6886.22 4616.52 2834.16 2676.82 5472.60 6788.78 4015.88 5268.42 3805.26 7238.18 2406.12 825.37 7012.02 4798.53 3942.80 2209.12 5716.36 5833.72 3136.06 7013.75 1854.97 4787.08 4078.05 1896.66 5638.73 882.79 6441.92 2833.89 2386.37 1009.89 6082.79 4601.91 5115.93 4526.86 6510.67 3600.55 4368.17 4734.33 2803.62 4995.82 3669.64 3296.98 1241.88 5515.89 7579.77 5407.37 5245.41 3407.54 2983.41 4134.72 3164.73 6354.66 4466.24 1502.03 2470.09 1324.57 7497.54 6028.23 7746.94 1943.82 4817.28 3926.42 2701.75 4224.10 1585.41 3997.21 1284.25 4969.51 1438.57 4610.47 2852.22 2328.82 6859.61 4721.92 2653.72 2049.22 1805.93 4993.48 7614.67 4483.34 7046.07 2065.07 1220.99 5210.23 
4954.08 7589.08 5987.68 3312.26 4217.63 3621.30 0.00 1569.10 4514.43 1384.36 3162.91 5482.39 4433.14 2531.44 5422.85 4383.85 557.34 5296.10 1860.64 3019.96 2021.76 3334.39 3595.67 4069.01 5944.46 4554.16 3959.14 3305.71 5975.86 5503.74 2492.75 5457.70 5096.67 4797.49 4351.58 3488.46 8082.03 1545.16 6241.93 5181.80 6208.21 7683.34 1328.59 3117.01 3555.79 7190.29 5430.29 4221.03 7479.11 7412.58 7562.93 4692.71 4640.83 7206.16 5584.41 5005.08 3164.10 1189.93 4848.72 2879.82 5933.34 4503.46 7934.27 3391.16 3474.56 4570.77 6993.20 4516.45 2734.72 1308.38 2892.31 50.07 2540.01 4632.01 5960.35 7096.64 1182.01 3061.09 2404.77 6712.47 7722.26 6495.43 5183.59 1201.33 3270.93 3818.06 5443.44 3670.23 1122.65 2861.08 4630.20 2850.83 8307.51 7644.37 4250.28 4168.57 4710.88 352.31 3309.52 2641.29 2577.93 6355.62 4827.44 8491.22 3021.94 7399.29 811.53 5071.95 4621.88 5144.36 5512.48 3659.54 4859.44 8464.08 7465.88 6610.07 4037.33 5513.70 4306.86 2011.47 
4336.13 6139.97 5555.11 3450.25 3986.21 2074.29 1569.10 0.00 5229.35 2386.68 3194.43 4693.26 4152.56 3629.46 5606.24 5107.25 2096.40 5159.17 1044.88 4096.56 3495.37 3137.40 4531.02 2955.36 4381.09 2995.01 5114.37 2615.61 4406.88 4095.19 4061.76 3898.68 4443.57 3444.14 5763.40 2896.94 7192.52 2612.17 4801.20 4026.68 5433.00 6899.41 2299.20 3617.85 2998.40 6786.24 3920.35 2742.15 6862.48 6037.47 6014.59 3260.55 4616.62 6225.98 4204.14 5510.15 2157.65 2715.49 3974.59 1922.21 5328.42 2956.19 6931.26 2797.61 2651.12 3003.79 6180.74 3987.41 3361.32 2488.72 4443.61 1543.07 3116.51 4120.73 4608.21 5865.55 1968.64 2409.59 839.67 5779.89 7250.88 5595.05 4693.91 1757.13 2785.62 3726.17 4385.10 4540.78 2538.14 1419.56 3555.85 1356.36 7573.90 6589.70 5686.08 3021.27 4207.90 1896.16 2295.64 2726.19 1141.61 5026.43 3258.86 6924.72 1840.22 5977.47 778.80 3603.96 5247.04 4827.66 4250.85 2341.45 3330.90 6903.41 7115.36 5356.74 5128.61 3948.36 2758.44 3196.82 
4049.75 8719.74 4000.14 2168.77 8731.89 6908.22 4514.43 5229.35 0.00 3130.30 2467.62 4778.96 8946.26 2153.19 1944.95 130.99 4174.10 9801.30 6099.44 1769.31 3392.06 2873.11 1097.95 5069.40 8744.31 7112.27 1683.34 3917.82 8526.88 6886.87 4441.77 8380.14 9535.75 8565.92 3137.31 3703.77 6841.46 2980.00 9730.40 9246.50 5148.04 6194.12 5672.45 1641.82 3627.13 4696.60 7369.02 7718.32 5527.25 8182.72 10412.37 6437.13 2308.37 6481.97 6819.58 830.73 7364.85 3875.25 4725.88 7107.74 4474.94 7658.91 7110.89 7823.79 7803.36 7485.25 5781.88 3669.68 1871.19 3239.29 3997.71 4482.84 6909.06 3651.80 9691.52 7310.52 5646.30 3854.29 5824.64 5973.67 5284.87 5723.28 3777.50 5710.54 7734.99 8329.13 9614.44 929.29 5026.11 5452.43 8785.12 5605.22 6519.88 7068.58 3272.41 8248.72 3651.26 4562.08 4604.87 2693.22 5324.76 7156.89 7642.89 10632.11 7069.54 8409.91 4714.86 6863.51 315.89 9657.56 9423.88 5459.71 7065.71 10461.18 4750.37 7035.13 1417.40 7988.73 6812.88 2665.17 
4189.46 7654.61 5026.24 2157.08 5601.59 4388.01 1384.36 2386.68 3130.30 0.00 2097.74 4828.82 5816.21 1248.59 4139.93 2999.80 1115.00 6677.64 3070.38 1727.38 1445.78 2411.98 2241.56 3855.22 6586.44 5036.88 2732.62 2798.61 6517.71 5565.96 2475.17 6135.29 6442.51 5829.00 3455.13 2862.32 7417.51 228.50 7176.83 6354.05 5504.77 6935.50 2605.46 1789.02 2889.56 6171.24 5703.87 5112.63 6602.03 7347.37 8263.37 4841.75 3484.09 6654.75 5595.94 3635.80 4377.96 1137.22 4317.12 4103.89 5101.88 5248.26 7383.89 4729.55 4758.86 5210.72 6291.49 3714.55 1381.19 287.14 2544.72 1352.56 3849.92 3806.47 6994.31 6832.57 2535.29 2571.01 3159.79 6132.08 6735.12 5893.00 4303.18 2583.11 4625.93 5201.54 6666.28 2299.46 2081.29 3215.17 5838.83 3288.75 7501.96 7156.19 3406.14 5336.09 3872.68 1466.31 3103.47 1633.55 2976.52 6254.18 5435.41 8942.80 4151.97 7416.33 1704.77 5266.22 3239.96 6527.50 6619.44 3733.47 5210.00 8862.65 6406.46 6392.69 2763.84 6007.41 4751.96 822.60 
2204.12 6420.26 2928.90 305.21 7093.47 4556.24 3162.91 3194.43 2467.62 2097.74 0.00 2911.88 7279.88 2298.11 2412.26 2379.84 3126.69 8244.83 4204.73 2441.46 3331.52 471.38 2361.46 2642.41 6283.20 4652.98 3276.75 1460.11 6059.41 4483.62 4474.28 5930.71 7637.98 6275.00 4575.99 1285.25 5422.62 2145.93 7339.15 7053.47 3519.09 4896.75 4491.16 1011.27 1232.49 4080.51 4914.73 5379.86 4514.18 5959.02 7946.64 3981.48 1487.67 4761.63 4438.57 2458.92 5332.86 3232.51 2575.72 5111.43 3042.86 5252.26 5474.22 5979.36 5843.97 5049.72 4289.44 1724.10 1214.14 2372.16 4376.18 3115.59 5691.12 1789.23 7359.77 5228.46 4323.09 1386.81 3598.26 4228.97 4639.40 3978.28 2233.30 4277.25 5945.95 6769.00 7469.07 2230.69 4112.06 3062.72 6656.28 3232.47 5432.59 5306.10 4615.49 6099.38 1842.04 3387.89 2137.28 523.33 2980.56 4885.46 5194.40 8195.29 4968.94 6130.38 2951.33 4412.20 2355.08 7974.41 7158.77 2992.37 4598.30 8038.93 4329.91 4867.80 3127.85 5521.30 4354.73 2394.41 
742.09 4157.63 1503.94 3049.55 8553.29 4809.16 5482.39 4693.26 4778.96 4828.82 2911.88 0.00 8684.24 5209.67 3379.20 4750.47 5657.99 9723.73 5683.20 5321.17 6190.83 2479.40 5110.62 1934.41 5434.82 4106.60 6045.02 2179.78 5026.70 2856.93 7295.99 5296.25 8642.24 6469.24 7431.61 2005.61 2606.93 4938.14 6977.61 7461.93 740.68 2217.55 6726.45 3839.85 1955.48 2483.80 3649.81 5526.06 2224.46 3520.44 6834.87 2953.13 2496.70 1850.48 2691.07 4290.12 6353.02 5940.23 746.58 6239.17 889.04 5076.01 2569.00 7249.99 6930.81 4699.59 1512.78 1197.81 4118.60 5115.95 7262.77 5432.55 7757.06 1165.54 7275.19 2551.16 6462.21 2423.02 4544.66 1318.51 2773.79 1070.74 1057.33 6320.47 7308.73 8361.75 7962.53 4937.27 6581.29 3607.45 7276.88 3791.07 2881.16 2397.26 7488.55 6738.61 1144.65 5794.94 2410.51 3238.51 3764.83 2634.05 4688.07 6451.35 5903.83 3823.62 4922.72 3210.09 4526.44 9298.05 7338.03 2773.98 3722.81 6202.66 2874.74 2352.29 5850.56 4566.19 3899.37 5279.41 
8428.05 8766.58 9683.85 7504.71 235.54 4220.61 4433.14 4152.56 8946.26 5816.21 7279.88 8684.24 0.00 6927.50 9677.16 8815.87 4826.86 1043.71 3108.09 7408.47 6073.89 7276.02 8015.65 6787.13 5741.74 5455.47 8268.87 6737.66 6110.09 7173.70 5772.58 5314.28 1224.30 3492.50 8269.62 7032.53 11003.23 5976.13 4739.10 2836.37 9406.25 10821.00 3434.16 7486.26 7137.83 10911.34 6568.89 3928.48 10901.38 8976.91 6673.83 6418.71 8741.50 9968.92 7356.63 9402.11 2393.80 5291.58 7939.77 2456.09 9402.75 4587.71 10612.58 1439.23 1835.64 4976.83 10099.61 8114.14 7134.45 5729.15 6427.23 4463.73 2430.21 8249.34 4072.76 9215.32 3354.02 6546.74 4139.58 9598.86 11351.06 9455.66 8819.04 3247.68 1381.44 720.47 2610.23 8099.59 4204.37 5082.42 2374.98 4905.57 11520.32 10212.77 8113.47 2560.88 8337.03 4424.97 6293.03 6777.03 4920.98 8217.26 5208.12 8312.43 2844.90 8745.66 4347.37 6546.51 9043.88 711.30 3410.01 5986.19 5999.02 8467.86 11250.64 8701.32 8387.93 5970.34 5438.21 6393.97 
4495.35 8509.21 5038.16 2184.41 6704.83 5596.49 2531.44 3629.46 2153.19 1248.59 2298.11 5209.67 6927.50 0.00 3623.21 2025.46 2101.07 7731.23 4305.56 489.07 1294.76 2745.26 1105.72 4657.01 7736.65 6149.63 1485.14 3485.12 7631.43 6464.14 2435.42 7301.54 7628.10 7073.51 2395.50 3439.44 7688.71 1031.64 8404.66 7600.88 5800.48 7131.43 3566.06 1455.91 3425.92 6052.88 6711.88 6340.31 6658.02 8122.55 9422.31 5809.90 3298.56 7058.71 6463.14 2832.22 5617.22 1728.91 4844.07 5340.57 5274.50 6442.50 7768.50 5921.31 5980.43 6375.14 6557.77 4018.09 1099.19 1227.61 2165.78 2510.61 4787.23 4074.50 8237.49 7475.90 3580.73 3301.31 4382.98 6525.90 6643.56 6274.51 4465.40 3681.98 5802.13 6278.45 7907.15 1230.83 2886.03 4334.73 7081.23 4432.76 7617.54 7604.16 2395.13 6582.56 4120.03 2502.54 3967.24 2056.89 4121.21 7030.25 6586.54 9994.14 5399.53 8244.43 2951.71 6245.04 2348.02 7635.99 7867.81 4709.16 6264.87 9888.87 6220.63 7083.04 1520.20 7108.46 5856.23 535.20 
2755.11 7526.56 2236.87 2172.72 9485.86 6817.46 5422.85 5606.24 1944.95 4139.93 2412.26 3379.20 9677.16 3623.21 0.00 1997.31 5253.89 10626.91 6615.30 3408.34 4914.32 2534.60 2843.98 4347.24 8234.48 6661.57 3607.31 3457.27 7922.53 5970.81 6056.93 7957.94 10049.50 8567.62 5075.44 3152.99 5044.02 4082.76 9497.57 9401.10 3543.59 4372.47 6723.02 2357.19 3042.67 2763.08 6619.94 7640.46 3643.27 6899.63 9816.45 5737.87 1118.90 4844.59 5852.87 1160.57 7737.58 5157.51 3594.53 7520.67 2828.88 7416.89 5402.12 8390.56 8254.35 7149.00 4058.89 2555.21 2780.37 4353.01 5721.36 5379.82 7958.05 2472.07 9601.27 5905.76 6604.63 3520.49 5967.85 4378.82 3346.16 4145.13 2323.69 6594.87 8353.51 9145.38 9834.74 2635.40 6216.71 5319.32 9032.44 5504.99 4629.32 5431.34 5203.05 8472.10 2428.21 5584.01 4167.73 2901.58 5291.16 5979.45 7243.57 9713.22 7363.40 7195.69 5332.70 6118.79 1629.08 10375.78 9462.31 4983.79 6468.38 9492.59 2805.43 5731.38 3347.15 7400.69 6380.92 4017.97 
4017.57 8664.96 4010.48 2083.96 8601.37 6798.23 4383.85 5107.25 130.99 2999.80 2379.84 4750.47 8815.87 2025.46 1997.31 0.00 4043.16 9670.37 5973.06 1647.96 3269.60 2794.29 980.51 4994.04 8649.39 7017.01 1613.42 3834.78 8436.83 6817.04 4326.42 8281.63 9407.70 8450.80 3078.17 3627.31 6848.88 2849.06 9622.62 9126.29 5136.22 6206.28 5541.64 1529.92 3553.22 4736.66 7288.47 7606.77 5551.91 8135.47 10319.88 6355.91 2295.83 6469.88 6753.03 914.70 7240.47 3746.07 4677.71 6982.67 4470.08 7553.68 7105.88 7695.51 7677.07 7384.20 5781.17 3628.03 1747.31 3108.31 3890.74 4352.36 6778.45 3614.79 9578.57 7274.64 5515.32 3765.19 5708.36 5958.34 5327.15 5706.98 3759.79 5579.76 7606.02 8198.32 9492.30 805.48 4896.31 5347.08 8662.76 5498.15 6544.80 7055.36 3207.74 8127.33 3617.30 4431.10 4516.51 2588.78 5215.83 7103.68 7544.38 10557.02 6947.29 8357.12 4587.99 6783.77 385.40 9527.16 9306.93 5369.79 6977.70 10389.29 4800.53 6991.61 1350.85 7898.63 6717.32 2535.76 
5079.57 8011.24 6027.30 3227.99 4603.81 4162.81 557.34 2096.40 4174.10 1115.00 3126.69 5657.99 4826.86 2101.07 5253.89 4043.16 0.00 5638.07 2408.28 2581.78 1467.06 3370.73 3195.68 4387.54 6477.49 5056.34 3476.08 3510.99 6494.09 5915.86 1990.41 5994.25 5561.77 5354.00 3800.63 3652.50 8264.91 1208.19 6799.05 5723.34 6367.63 7829.72 1504.12 2903.94 3705.30 7203.20 5893.94 4775.32 7565.75 7798.74 8105.60 5121.69 4564.21 7430.82 5983.37 4729.86 3702.79 632.89 5066.56 3417.48 6035.43 5045.57 8161.95 3871.25 3988.27 5099.42 7156.87 4621.96 2493.33 939.34 2348.16 568.30 2748.15 4728.11 6516.15 7421.49 1481.55 3266.91 2935.93 6923.87 7753.75 6697.21 5258.72 1584.91 3734.73 4178.84 5972.62 3292.44 986.11 3318.51 5165.06 3327.52 8429.93 7894.36 3696.21 4713.13 4801.97 402.77 3618.15 2622.96 3040.47 6726.90 5352.29 8999.67 3574.57 7808.06 1320.41 5514.91 4311.47 5535.02 6063.08 4057.69 5336.83 8962.91 7456.57 6947.55 3574.13 6022.26 4800.25 1567.12 
9457.30 9741.50 10705.28 8458.58 1175.99 5247.37 5296.10 5159.17 9801.30 6677.64 8244.83 9723.73 1043.71 7731.23 10626.91 9670.37 5638.07 0.00 4115.12 8202.43 6780.36 8263.37 8832.01 7829.89 6647.40 6466.05 9011.28 7758.85 7040.98 8196.75 6332.37 6243.52 1759.63 4383.71 8875.86 8049.95 12046.61 6821.31 5494.31 3594.85 10447.18 11864.16 4173.62 8393.00 8153.77 11934.45 7571.96 4909.45 11938.93 9977.44 7444.36 7451.07 9717.54 11011.55 8382.35 10297.41 3433.87 6044.53 8979.87 3499.73 10435.46 5569.08 11653.11 2482.83 2869.51 5968.69 11142.63 9135.38 8025.39 6564.13 7000.54 5331.22 3017.98 9270.07 4798.49 10243.09 4157.79 7563.15 5179.45 10642.53 12380.65 10499.29 9841.22 4095.02 2415.50 1484.18 3259.82 8930.24 4910.31 6124.32 3230.67 5948.28 12563.09 11251.64 8707.70 3508.78 9357.65 5243.04 7328.43 7734.87 5959.31 9240.05 6190.51 9146.22 3886.16 9733.62 5296.46 7567.75 9917.39 639.57 4153.29 7029.89 7011.88 9323.38 12269.96 9730.60 9149.92 6936.25 6460.70 7196.10 
5361.53 6676.81 6593.90 4447.08 2941.54 2134.64 1860.64 1044.88 6099.44 3070.38 4204.73 5683.20 3108.09 4305.56 6615.30 5973.06 2408.28 4115.12 0.00 4791.56 3874.22 4173.60 5302.93 3868.30 4430.68 3332.07 5772.67 3649.56 4571.76 4735.72 4157.06 3927.82 3459.84 2973.13 6208.91 3936.55 8130.47 3276.40 4457.73 3323.28 6419.23 7872.63 1892.67 4533.73 4039.49 7824.37 4392.85 2527.70 7873.75 6675.47 5943.86 3900.87 5647.23 7136.84 4875.68 6449.06 1313.93 3030.25 4951.59 1035.08 6349.20 2955.34 7825.59 1775.63 1704.05 3144.48 7150.86 5024.70 4232.47 3087.97 4658.69 1863.10 2327.76 5158.75 4124.26 6639.33 1551.15 3449.37 1278.31 6714.19 8281.74 6542.80 5731.13 1285.67 1746.44 2692.39 3603.78 5341.80 2429.12 2195.24 2781.71 2060.42 8556.77 7462.62 6102.84 2308.33 5246.15 2067.85 3272.80 3717.91 1966.42 5731.53 3418.89 7097.21 1173.54 6557.42 1387.02 4173.66 6147.87 3786.43 3655.28 3155.64 3777.70 7127.63 8156.47 6121.70 5825.75 4193.48 3165.98 3814.33 
4590.63 8781.49 5009.02 2271.91 7184.83 6037.32 3019.96 4096.56 1769.31 1727.38 2441.46 5321.17 7408.47 489.07 3408.34 1647.96 2581.78 8202.43 4791.56 0.00 1623.23 2908.08 676.51 4935.45 8142.61 6541.61 1027.95 3743.75 8019.77 6764.02 2691.73 7716.46 8116.59 7539.99 2137.11 3660.99 7732.01 1515.41 8855.23 8081.36 5871.07 7149.52 4031.85 1484.03 3633.45 5958.23 7055.94 6792.30 6625.56 8363.70 9830.42 6142.12 3234.39 7158.89 6750.53 2511.52 6102.24 2175.39 5016.83 5826.36 5304.51 6873.83 7855.83 6410.21 6468.78 6790.99 6608.56 4123.36 1236.75 1716.66 2313.24 2999.44 5243.09 4164.87 8701.95 7667.45 4058.17 3579.95 4834.89 6626.77 6553.33 6373.08 4506.02 4165.18 6290.33 6754.93 8391.71 843.91 3333.50 4738.13 7565.05 4845.91 7600.34 7717.57 2174.38 7063.47 4201.38 2984.13 4278.39 2296.52 4536.41 7277.54 6995.31 10348.49 5879.07 8506.77 3432.15 6579.11 2000.79 8116.14 8341.48 5052.73 6630.88 10231.83 6097.52 7295.82 1036.46 7492.15 6245.47 1015.34 
5515.97 9091.96 6207.62 3296.28 5842.15 5568.59 2021.76 3495.37 3392.06 1445.78 3331.52 6190.83 6073.89 1294.76 4914.32 3269.60 1467.06 6780.36 3874.22 1623.23 0.00 3721.30 2298.78 5301.01 7850.54 6360.49 2244.21 4230.16 7827.52 6998.90 1165.85 7378.78 6916.86 6818.80 2336.32 4269.69 8746.94 1280.07 8254.15 7183.01 6836.65 8228.27 2639.77 2667.52 4285.56 7275.33 7098.13 6217.05 7818.50 8792.72 9502.86 6257.78 4519.87 8033.76 7034.50 4112.87 5161.64 848.16 5723.51 4875.89 6373.34 6449.00 8758.36 5261.59 5420.27 6467.27 7614.47 5034.86 2257.66 1185.19 1099.90 2027.08 3769.82 5111.96 7982.09 8270.69 2759.26 4007.86 4328.21 7505.59 7859.77 7261.05 5562.50 2933.05 5104.68 5384.20 7418.46 2464.19 1874.54 4558.62 6618.40 4604.92 8755.31 8551.11 2229.16 6175.92 5169.34 1819.70 4548.06 2952.43 4299.21 7699.80 6709.07 10296.47 5041.61 8857.67 2721.17 6675.98 3614.23 6766.37 7529.45 5153.98 6579.99 10233.83 7463.71 7835.45 2410.97 7333.85 6086.89 951.29 
1794.94 5954.30 2660.17 721.95 7099.46 4304.40 3334.39 3137.40 2873.11 2411.98 471.38 2479.40 7276.02 2745.26 2534.60 2794.29 3370.73 8263.37 4173.60 2908.08 3721.30 0.00 2829.75 2201.67 5920.23 4297.86 3747.46 1051.55 5675.22 4035.28 4845.53 5587.12 7559.52 6045.91 5044.09 835.03 5027.44 2492.44 7044.41 6866.95 3115.74 4526.88 4657.40 1481.12 770.74 3855.92 4495.99 5129.64 4201.03 5488.30 7569.90 3564.46 1484.93 4329.28 3983.68 2769.72 5229.44 3547.04 2109.32 5025.01 2690.05 4954.49 5047.87 5934.78 5761.31 4725.85 3896.12 1314.30 1675.44 2695.75 4785.34 3285.28 5823.94 1397.80 7102.54 4759.71 4459.86 1032.48 3436.53 3797.83 4392.23 3549.67 1895.43 4386.99 5919.78 6800.33 7300.44 2694.56 4346.00 2802.38 6500.12 2983.34 5090.46 4865.09 5080.92 5939.21 1461.59 3592.25 1760.39 780.10 2759.07 4416.24 4854.41 7763.61 4842.61 5662.54 3010.36 3990.42 2731.36 7959.72 6937.84 2617.57 4207.97 7600.03 4135.41 4396.61 3595.95 5138.23 4002.97 2801.08 
4369.24 8781.33 4623.20 2126.15 7795.05 6382.69 3595.67 4531.02 1097.95 2241.56 2361.46 5110.62 8015.65 1105.72 2843.98 980.51 3195.68 8832.01 5302.93 676.51 2298.78 2829.75 0.00 4977.90 8394.75 6772.40 934.89 3778.42 8234.73 6822.23 3346.02 7990.56 8681.44 7953.74 2360.55 3641.19 7411.60 2054.40 9215.58 8550.40 5599.59 6801.55 4670.70 1350.88 3593.47 5489.51 7190.00 7163.85 6221.22 8315.79 10081.49 6261.81 2840.45 6915.37 6787.86 1869.33 6602.15 2831.63 4896.58 6332.45 4987.43 7190.71 7590.94 6969.35 6997.88 7071.84 6305.01 3924.85 1304.93 2289.05 2922.56 3570.29 5892.92 3945.19 9105.67 7548.36 4677.21 3650.58 5218.18 6388.25 6085.52 6133.66 4214.03 4767.97 6860.95 7374.33 8883.46 209.42 3989.92 5008.89 8053.60 5136.13 7207.89 7488.11 2450.54 7537.03 3968.78 3594.54 4385.91 2364.76 4834.65 7245.99 7259.18 10486.97 6349.72 8491.79 3922.05 6698.45 1346.86 8725.48 8779.65 5204.47 6809.22 10349.14 5598.23 7210.88 766.40 7700.20 6472.73 1638.49 
1915.23 3852.26 3213.63 2920.97 6666.72 2886.66 4069.01 2955.36 5069.40 3855.22 2642.41 1934.41 6787.13 4657.01 4347.24 4994.04 4387.54 7829.89 3868.30 4935.45 5301.01 2201.67 4977.90 0.00 3890.52 2359.78 5864.89 1200.30 3577.57 1844.54 6266.69 3640.16 6709.12 4583.51 7047.10 1367.00 4262.59 4032.30 5252.51 5555.12 2630.78 4035.17 5170.31 3634.02 1442.81 4353.74 2316.56 3631.99 4155.34 3494.90 5475.12 1401.06 3237.74 3274.36 1816.14 4880.25 4432.58 4822.53 1194.09 4332.89 2752.11 3242.20 3976.03 5348.56 5010.76 2906.01 3313.11 1854.70 3721.12 4122.22 6399.48 4022.48 6071.81 1972.18 5466.43 3034.33 4867.17 1357.27 2660.82 2846.32 4696.06 2681.37 2416.04 4684.93 5421.29 6504.62 6049.38 4862.42 5190.35 1708.32 5348.49 1881.60 4733.21 3637.78 7052.14 4806.88 2044.69 4413.93 770.22 2642.27 1904.58 2400.24 2952.96 5563.03 3980.90 3589.96 3367.46 1808.42 4910.18 7385.37 5467.39 840.89 2121.52 5398.68 4732.95 2562.70 5740.81 3053.56 2103.54 4528.48 
5705.54 3277.02 6914.47 6586.77 5760.23 2336.33 5944.46 4381.09 8744.31 6586.44 6283.20 5434.82 5741.74 7736.65 8234.48 8649.39 6477.49 6647.40 4430.68 8142.61 7850.54 5920.23 8394.75 3890.52 0.00 1632.50 9162.28 4874.08 500.40 2656.89 8430.58 503.19 4974.09 2263.72 10041.21 5141.03 6743.21 6812.60 1731.08 3165.58 5903.26 6880.84 6323.28 7155.30 5240.83 7889.45 1808.17 1989.02 7366.73 3728.71 1688.36 2531.38 7120.28 5723.31 2859.05 8685.60 3756.27 7094.04 4852.30 3922.65 6323.11 1475.88 6132.24 4608.82 4105.25 1383.29 6274.88 5732.57 7092.09 6758.12 8824.18 5921.20 6527.25 5841.92 2293.03 4424.90 5980.44 4900.52 3541.66 5604.99 8073.87 5601.04 6218.13 5715.63 4817.10 5897.76 3639.15 8332.66 6800.82 3404.55 3419.58 3305.12 7557.41 5684.49 9986.30 3187.40 5907.65 6256.88 4159.86 6079.91 3617.49 3446.30 1151.42 2697.82 3484.07 3372.18 5158.39 2225.10 8637.12 6030.31 2717.73 3303.03 1771.58 2783.51 8283.60 4021.01 9107.88 868.73 1932.55 7404.29 
4252.05 3397.66 5520.99 4957.04 5406.64 1284.93 4554.16 2995.01 7112.27 5036.88 4652.98 4106.60 5455.47 6149.63 6661.57 7017.01 5056.34 6466.05 3332.07 6541.61 6360.49 4297.86 6772.40 2359.78 1632.50 0.00 7555.43 3257.67 1482.87 1761.91 7042.05 1297.40 5014.35 2470.18 8486.79 3535.04 5871.69 5259.38 2897.95 3504.37 4681.80 5865.33 5160.77 5523.80 3638.58 6590.20 1123.91 1618.30 6209.57 3527.36 3311.76 1183.88 5543.13 4813.98 1962.51 7066.72 3126.42 5649.18 3442.19 3181.05 4986.63 1023.85 5363.04 4099.71 3634.58 608.54 5191.11 4213.40 5468.19 5229.16 7378.02 4523.97 5621.34 4331.91 3169.90 3814.70 4813.12 3273.15 2194.19 4568.48 6852.81 4502.75 4761.03 4560.01 4258.76 5408.91 4020.45 6706.06 5518.52 1822.58 3474.83 1756.32 6569.97 4931.71 8442.81 3024.29 4404.34 4888.86 2539.00 4448.59 2065.16 2793.50 593.76 3944.63 2721.46 3327.02 3744.97 1134.15 7007.72 5913.09 3284.51 1688.16 547.60 3909.95 6980.31 3317.20 7492.72 973.49 300.42 5844.92 
5303.45 9688.33 5516.28 3053.21 8040.41 7065.22 3959.14 5114.37 1683.34 2732.62 3276.75 6045.02 8268.87 1485.14 3607.31 1613.42 3476.08 9011.28 5772.67 1027.95 2244.21 3747.46 934.89 5864.89 9162.28 7555.43 0.00 4664.97 9030.46 7705.72 3058.40 8739.79 9037.82 8558.49 1475.44 4546.44 8323.74 2512.37 9881.97 9079.10 6526.74 7704.60 4846.27 2266.68 4504.51 6324.79 8036.57 7818.53 7098.34 9235.73 10850.52 7115.09 3741.96 7845.82 7679.82 2513.62 7086.37 2977.78 5826.88 6807.28 5905.05 7901.26 8517.38 7343.35 7430.62 7814.89 7223.85 4859.74 2147.46 2684.74 2502.16 3944.21 6009.10 4879.70 9722.12 8480.17 4918.71 4521.39 5860.92 7319.68 6918.52 7065.15 5139.63 5053.92 7210.58 7593.88 9376.45 1112.10 4101.38 5758.81 8553.00 5869.85 8088.98 8420.02 1595.83 8060.42 4902.62 3876.23 5241.65 3228.01 5561.12 8161.05 8016.60 11333.43 6879.67 9403.14 4432.27 7552.51 1993.67 8969.87 9351.95 6037.96 7628.73 11207.23 6404.74 8137.71 268.33 8500.50 7258.11 1958.55 
1726.94 5037.75 2946.56 1750.93 6583.08 3375.94 3305.71 2615.61 3917.82 2798.61 1460.11 2179.78 6737.66 3485.12 3457.27 3834.78 3510.99 7758.85 3649.56 3743.75 4230.16 1051.55 3778.42 1200.30 4874.08 3257.67 4664.97 0.00 4623.85 3043.93 5264.73 4551.59 6876.15 5131.69 5865.24 318.22 4776.33 2950.09 6046.44 6008.68 2912.27 4391.43 4548.69 2437.43 432.97 4175.74 3455.02 4193.95 4268.63 4637.69 6519.24 2521.91 2346.02 3919.85 3014.94 3811.54 4532.63 3853.27 1555.57 4364.57 2723.31 3961.50 4650.95 5336.37 5093.26 3707.93 3692.44 1376.64 2522.99 3079.66 5328.55 3256.02 5603.65 1511.69 6145.83 4042.34 4290.41 245.14 2683.82 3415.21 4635.31 3192.91 2082.40 4158.95 5357.84 6340.06 6466.62 3665.76 4411.82 1897.42 5692.97 2090.29 5035.55 4389.69 5877.43 5131.55 1599.37 3623.76 720.73 1447.33 1927.08 3545.14 3822.91 6736.16 4111.84 4764.80 2752.99 2952.10 3782.51 7392.37 6029.09 1571.55 3156.42 6583.49 4513.05 3619.50 4540.76 4087.04 2965.70 3400.95 
5337.45 2799.41 6518.00 6360.01 6114.86 2439.41 5975.86 4406.88 8526.88 6517.71 6059.41 5026.70 6110.09 7631.43 7922.53 8436.83 6494.09 7040.98 4571.76 8019.77 7827.52 5675.22 8234.73 3577.57 500.40 1482.87 9030.46 4623.85 0.00 2207.98 8468.61 797.51 5396.10 2670.24 9969.07 4874.55 6255.27 6740.83 2230.98 3614.11 5466.44 6406.79 6455.25 6964.74 4969.28 7462.51 1377.48 2253.30 6911.84 3231.69 1899.96 2186.26 6815.24 5241.40 2404.19 8425.86 4024.05 7098.44 4474.57 4164.23 5911.99 1654.22 5638.64 4918.57 4417.39 1431.74 5811.95 5395.18 6929.81 6706.12 8830.16 5948.96 6746.94 5498.96 2787.76 3927.75 6108.86 4672.63 3576.65 5138.25 7628.92 5143.38 5848.49 5846.94 5117.43 6223.60 4098.85 8161.34 6886.07 3304.95 3827.19 3231.58 7078.55 5190.88 9923.86 3549.25 5560.86 6300.51 3922.81 5892.88 3542.61 2956.20 1160.95 2532.71 3711.49 2881.38 5174.83 1835.30 8404.35 6432.37 3189.27 3067.20 1469.29 2557.49 7856.57 3530.35 8962.21 538.20 1775.29 7327.21 
3263.13 2098.99 4360.09 4756.93 7109.39 2953.79 5503.74 4095.19 6886.87 5565.96 4483.62 2856.93 7173.70 6464.14 5970.81 6817.04 5915.86 8196.75 4735.72 6764.02 6998.90 4035.28 6822.23 1844.54 2656.89 1761.91 7705.72 3043.93 2207.98 0.00 7876.21 2630.21 6775.33 4201.90 8859.43 3201.26 4171.83 5761.58 4319.23 5238.24 3259.73 4245.52 6391.88 5478.43 3267.19 5260.27 854.37 3379.88 4709.85 1947.03 3978.12 839.31 4906.72 3124.13 211.23 6636.97 4802.77 6427.16 2394.13 4813.42 3731.38 2765.39 3624.72 5782.69 5340.13 2338.99 3621.68 3417.41 5559.54 5814.21 8084.37 5463.11 7062.70 3499.19 4744.17 2054.83 6055.88 3186.54 3467.52 2957.68 5421.31 2944.81 3760.21 5828.70 5921.60 7070.89 5754.50 6706.76 6584.60 2678.64 5235.52 2745.41 4934.65 3186.64 8855.14 4784.32 3546.85 5855.88 2497.68 4478.98 2961.84 1043.57 2204.96 3765.16 4370.33 1895.56 4716.90 631.31 6711.25 7657.52 4965.99 1860.62 1220.88 3576.84 5654.00 1555.38 7584.65 1811.29 1736.08 6292.42 
6638.70 9974.94 7367.58 4453.71 5537.07 6099.52 2492.75 4061.76 4441.77 2475.17 4474.28 7295.99 5772.58 2435.42 6056.93 4326.42 1990.41 6332.37 4157.06 2691.73 1165.85 4845.53 3346.02 6266.69 8430.58 7042.05 3058.40 5264.73 8468.61 7876.21 0.00 7940.23 6760.81 7121.79 2554.21 5337.45 9871.73 2358.29 8614.71 7325.62 7958.75 9367.17 2491.88 3833.11 5364.06 8441.01 7881.99 6650.05 8975.18 9729.80 10032.11 7095.62 5685.72 9128.02 7932.73 5203.14 5339.70 1450.81 6791.97 5059.75 7516.63 6978.51 9856.34 5222.28 5480.80 7061.02 8741.33 6159.24 3423.27 2189.63 670.23 2520.29 3350.40 6242.19 8256.57 9279.34 2739.51 5031.73 4895.63 8603.84 9025.03 8363.04 6707.59 2979.35 5030.35 5055.10 7485.77 3530.98 1762.25 5307.16 6733.17 5317.90 9905.57 9631.36 2379.32 6359.48 6302.77 2173.71 5499.48 4068.29 5030.21 8646.04 7319.19 10982.55 5318.03 9760.99 3297.71 7495.54 4689.23 6424.90 7738.54 6015.67 7327.17 10950.67 8629.14 8825.24 3279.58 8004.72 6788.95 2115.24 
5506.30 3564.11 6749.93 6235.59 5321.87 1841.57 5457.70 3898.68 8380.14 6135.29 5930.71 5296.25 5314.28 7301.54 7957.94 8281.63 5994.25 6243.52 3927.82 7716.46 7378.78 5587.12 7990.56 3640.16 503.19 1297.40 8739.79 4551.59 797.51 2630.21 7940.23 0.00 4604.51 1877.20 9587.33 4831.65 6787.42 6362.45 1696.65 2842.69 5812.99 6875.09 5820.47 6774.56 4935.63 7772.44 1781.60 1497.48 7308.84 3940.64 2128.94 2347.08 6839.76 5748.11 2840.14 8356.84 3270.14 6613.83 4672.28 3429.05 6184.48 973.89 6206.59 4141.57 3638.78 926.43 6240.75 5494.45 6692.05 6299.21 8342.11 5435.46 6030.53 5609.86 2131.75 4531.69 5477.86 4558.44 3059.10 5584.14 7991.73 5557.35 6018.20 5212.94 4345.35 5440.25 3337.84 7935.98 6302.29 2983.93 3032.49 2870.65 7564.79 5760.74 9528.22 2753.47 5679.92 5766.70 3831.62 5700.03 3181.02 3521.45 737.26 3195.64 2986.85 3618.35 4677.13 2112.43 8285.38 5635.60 2452.05 2984.54 1574.22 3269.51 8165.60 4092.63 8693.64 847.23 1585.90 6955.63 
8488.03 8153.63 9782.42 7891.83 1411.87 3907.98 5096.67 4443.57 9535.75 6442.51 7637.98 8642.24 1224.30 7628.10 10049.50 9407.70 5561.77 1759.63 3459.84 8116.59 6916.86 7559.52 8681.44 6709.12 4974.09 5014.35 9037.82 6876.15 5396.10 6775.33 6760.81 4604.51 0.00 2727.35 9188.62 7187.35 10794.05 6627.54 3738.82 1851.98 9335.22 10687.01 4314.60 7990.91 7298.86 10989.69 6076.16 3401.18 10864.45 8452.88 5688.69 6096.91 9044.27 9740.77 6973.08 9908.15 2344.21 6094.47 7897.63 2534.54 9424.97 4043.38 10339.04 1713.55 1798.21 4463.27 9975.66 8230.98 7678.30 6403.16 7395.24 5118.01 3494.85 8367.44 3040.10 8829.04 4157.92 6716.05 4193.08 9421.31 11382.71 9306.28 8921.80 3992.65 1827.65 1862.13 1500.68 8741.08 5092.30 5064.77 1578.33 4873.05 11394.89 9918.58 9044.94 1991.64 8454.71 5162.45 6334.05 7165.09 4965.14 7806.84 4654.75 7407.90 2768.74 8175.80 4827.44 6145.16 9597.71 1120.21 2400.05 5873.91 5559.89 7596.15 11348.94 8329.57 9129.55 5351.90 5063.18 7106.04 
6489.03 5431.30 7794.72 6570.67 3527.34 1756.05 4797.49 3444.14 8565.92 5829.00 6275.00 6469.24 3492.50 7073.51 8567.62 8450.80 5354.00 4383.71 2973.13 7539.99 6818.80 6045.91 7953.74 4583.51 2263.72 2470.18 8558.49 5131.69 2670.24 4201.90 7121.79 1877.20 2727.35 0.00 9141.04 5446.99 8341.55 6053.10 1520.22 1036.52 7094.19 8327.17 4737.96 6925.14 5561.28 8931.17 3433.41 953.45 8632.94 5760.56 3286.24 3640.81 7470.00 7284.03 4409.31 8723.37 1850.00 5984.24 5757.86 2103.75 7323.96 1446.40 7823.35 2491.11 2003.52 1868.59 7643.67 6346.24 6730.89 5914.12 7631.81 4791.78 4618.35 6477.31 1167.83 6227.17 4429.29 5048.10 2745.05 7032.45 9241.27 6956.81 6976.43 4170.89 2718.62 3713.18 1552.97 7948.04 5373.52 3248.30 1157.84 3063.46 9033.61 7387.68 9045.65 988.24 6559.08 5034.05 4455.81 5910.79 3295.55 5199.37 2005.07 4831.29 1803.99 5465.37 4153.64 3589.53 8539.61 3767.50 897.71 3763.23 2987.07 4977.02 9313.54 5748.10 8570.33 2640.81 2605.57 6632.24 
6694.54 10898.86 6979.68 4392.15 8034.57 7816.84 4351.58 5763.40 3137.31 3455.13 4575.99 7431.61 8269.62 2395.50 5075.44 3078.17 3800.63 8875.86 6208.91 2137.11 2336.32 5044.09 2360.55 7047.10 10041.21 8486.79 1475.44 5865.24 9969.07 8859.43 2554.21 9587.33 9188.62 9141.04 0.00 5794.94 9771.71 3229.89 10556.25 9519.21 7948.69 9161.66 4874.68 3596.26 5769.59 7800.13 9096.93 8504.20 8569.04 10495.49 11716.11 8201.20 5199.25 9255.41 8856.63 3960.69 7497.86 3183.96 7151.66 7212.08 7346.21 8687.45 9939.79 7565.98 7746.85 8663.98 8662.69 6235.91 3373.71 3291.40 1884.30 4353.64 5872.83 6268.39 10306.81 9803.80 5044.62 5689.95 6577.04 8725.50 8393.68 8471.01 6566.91 5239.81 7397.80 7559.61 9749.85 2557.43 4096.42 6664.23 8953.15 6743.13 9558.56 9822.19 201.50 8512.13 6298.66 4155.16 6362.74 4421.92 6430.68 9406.84 8890.38 12368.57 7373.51 10629.79 5006.44 8635.30 3451.89 8939.71 9863.48 7097.24 8634.12 12271.89 7876.88 9432.65 1729.45 9454.59 8198.83 2641.88 
1480.64 5142.14 2658.17 1555.88 6874.76 3691.00 3488.46 2896.94 3703.77 2862.32 1285.25 2005.61 7032.53 3439.44 3152.99 3627.31 3652.50 8049.95 3936.55 3660.99 4269.69 835.03 3641.19 1367.00 5141.03 3535.04 4546.44 318.22 4874.55 3201.26 5337.45 4831.65 7187.35 5446.99 5794.94 0.00 4612.54 2994.43 6345.47 6326.66 2722.06 4195.07 4758.50 2290.72 114.80 3889.35 3668.97 4507.56 4025.70 4703.08 6773.36 2739.99 2038.10 3799.50 3153.42 3551.33 4843.32 3951.80 1455.53 4671.44 2475.26 4263.95 4530.35 5637.43 5401.80 4000.85 3509.49 1092.25 2426.47 3147.98 5361.86 3438.45 5841.38 1224.39 6455.18 4040.39 4512.60 487.37 2996.55 3282.63 4362.10 3050.20 1798.03 4393.13 5654.25 6623.08 6784.84 3515.15 4578.97 2215.39 6010.84 2408.41 4822.60 4294.04 5817.83 5449.35 1311.31 3794.34 1014.84 1382.58 2243.78 3619.59 4107.22 6929.74 4424.97 4857.31 2983.31 3162.12 3551.36 7691.56 6344.55 1847.11 3405.27 6765.04 4220.10 3644.05 4407.19 4339.93 3246.73 3404.48 
3233.07 4160.53 2842.49 5504.58 10896.70 6886.22 8082.03 7192.52 6841.46 7417.51 5422.62 2606.93 11003.23 7688.71 5044.02 6848.88 8264.91 12046.61 8130.47 7732.01 8746.94 5027.44 7411.60 4262.59 6743.21 5871.69 8323.74 4776.33 6255.27 4171.83 9871.73 6787.42 10794.05 8341.55 9771.71 4612.54 0.00 7514.97 8455.82 9376.03 1913.30 687.02 9306.99 6257.77 4561.16 2569.99 5007.46 7465.79 1540.24 3419.89 7723.89 4717.62 4583.79 1058.22 3960.64 6168.34 8617.69 8537.77 3246.84 8549.88 2428.86 6895.20 712.39 9565.75 9190.83 6473.98 1133.18 3713.15 6589.76 7704.28 9798.75 8032.35 10295.95 3635.46 8912.41 2391.78 9031.28 5021.06 6913.40 1416.30 2244.81 1600.30 3227.58 8875.56 9655.46 10757.08 9892.02 7217.91 9185.64 5960.24 9312.11 6122.47 953.31 1117.27 9853.47 8817.13 3580.58 8398.41 4901.42 5803.44 6166.96 3299.51 6367.06 6720.26 8163.80 3858.71 7494.20 4759.22 6545.02 11568.37 9131.91 5023.97 5361.03 6392.45 2818.80 2726.76 8098.54 5948.55 5762.81 7816.49 
4282.47 7846.07 5070.89 2173.38 5758.85 4616.52 1545.16 2612.17 2980.00 228.50 2145.93 4938.14 5976.13 1031.64 4082.76 2849.06 1208.19 6821.31 3276.40 1515.41 1280.07 2492.44 2054.40 4032.30 6812.60 5259.38 2512.37 2950.09 6740.83 5761.58 2358.29 6362.45 6627.54 6053.10 3229.89 2994.43 7514.97 0.00 7404.41 6569.37 5601.73 7018.94 2712.07 1725.67 3014.45 6196.64 5914.67 5340.35 6660.00 7526.89 8490.30 5046.35 3482.34 6773.37 5787.07 3521.76 4586.83 1105.17 4449.66 4311.07 5175.63 5476.59 7500.62 4916.12 4958.10 5437.62 6385.63 3804.06 1303.79 272.61 2378.89 1517.82 3956.33 3890.24 7218.90 6990.98 2667.32 2728.46 3388.02 6247.78 6766.96 6005.98 4371.12 2732.91 4806.55 5350.40 6876.40 2125.06 2138.23 3437.09 6050.03 3513.27 7572.50 7283.18 3183.56 5550.99 3953.18 1585.30 3287.73 1712.97 3200.86 6432.52 5661.43 9160.19 4368.38 7603.76 1920.53 5472.78 3106.50 6687.12 6840.01 3937.27 5426.22 9077.19 6420.27 6557.88 2550.84 6229.14 4973.44 594.25 
7149.98 4946.35 8414.18 7642.99 4820.47 2834.16 6241.93 4801.20 9730.40 7176.83 7339.15 6977.61 4739.10 8404.66 9497.57 9622.62 6799.05 5494.31 4457.73 8855.23 8254.15 7044.41 9215.58 5252.51 1731.08 2897.95 9881.97 6046.44 2230.98 4319.23 8614.71 1696.65 3738.82 1520.22 10556.25 6345.47 8455.82 7404.41 0.00 1908.76 7507.38 8564.33 6254.13 8094.15 6455.09 9458.38 3466.08 2064.58 9005.49 5444.75 1950.09 4024.50 8380.19 7425.33 4527.80 9795.69 3369.94 7431.85 6334.11 3623.21 7863.90 2089.96 7855.62 3946.09 3480.68 2355.65 7935.63 7101.03 7949.77 7289.87 9106.68 6231.88 6119.69 7222.22 709.17 6154.02 5941.50 6014.18 4021.71 7276.33 9686.37 7253.09 7658.89 5681.17 4178.93 5081.06 2255.48 9188.81 6876.00 4283.01 2392.23 4125.46 9250.24 7408.09 10470.84 2451.94 7296.34 6498.34 5330.74 7039.15 4407.71 5166.63 2304.78 3699.58 3303.80 5072.40 5549.83 3808.61 9669.84 4855.28 1341.60 4523.25 3257.55 3918.99 9850.83 5741.30 9871.43 2512.13 3149.74 7993.83 
7444.26 6405.78 8753.54 7339.95 2929.97 2676.82 5181.80 4026.68 9246.50 6354.05 7053.47 7461.93 2836.37 7600.88 9401.10 9126.29 5723.34 3594.85 3323.28 8081.36 7183.01 6866.95 8550.40 5555.12 3165.58 3504.37 9079.10 6008.68 3614.11 5238.24 7325.62 2842.69 1851.98 1036.52 9519.21 6326.66 9376.03 6569.37 1908.76 0.00 8101.33 9353.48 4852.04 7618.99 6441.46 9908.85 4464.28 1939.95 9641.80 6767.81 3855.14 4669.56 8321.86 8318.23 5445.77 9471.40 2021.37 6335.26 6740.56 2307.13 8305.38 2481.27 8859.85 2239.13 1865.22 2904.65 8665.70 7272.74 7384.05 6397.77 7889.55 5185.74 4461.84 7406.07 1237.29 7260.18 4586.16 5901.70 3457.55 8060.49 10235.72 7980.03 7921.70 4349.38 2469.86 3227.31 516.49 8566.02 5564.52 4111.27 604.15 3918.64 10060.76 8424.17 9405.83 1018.72 7489.76 5364.37 5361.64 6650.44 4111.50 6232.66 3039.06 5556.39 2202.90 6458.38 4649.39 4625.91 9247.50 2957.84 573.79 4722.47 4023.52 5744.67 10287.48 6783.29 9117.82 3644.48 3629.32 7124.76 
1320.80 4213.55 1371.96 3617.94 9278.75 5472.60 6208.21 5433.00 5148.04 5504.77 3519.09 740.68 9406.25 5800.48 3543.59 5136.22 6367.63 10447.18 6419.23 5871.07 6836.65 3115.74 5599.59 2630.78 5903.26 4681.80 6526.74 2912.27 5466.44 3259.73 7958.75 5812.99 9335.22 7094.19 7948.69 2722.06 1913.30 5601.73 7507.38 8101.33 0.00 1479.49 7460.88 4388.43 2663.02 2008.12 4096.23 6161.45 1540.91 3512.68 7205.67 3503.70 2840.60 1333.94 3069.98 4568.95 7062.50 6627.03 1469.86 6956.54 716.79 5677.54 1991.47 7969.85 7640.67 5285.35 789.53 1801.79 4701.78 5791.45 7893.89 6158.26 8497.20 1729.89 7847.32 2435.73 7199.39 3153.94 5268.02 837.29 2179.00 602.50 1387.96 7059.65 8033.44 9093.88 8607.24 5414.71 7300.91 4324.63 7942.61 4504.88 2140.93 1921.04 8018.61 7411.84 1680.68 6516.36 3146.65 3890.58 4491.55 2803.58 5247.99 6643.78 6611.33 3873.64 5660.15 3701.77 4872.35 10013.04 7948.76 3461.46 4254.78 6368.51 2400.03 2390.35 6316.09 5041.34 4498.59 5910.03 
